sets
i        variables master        /i1*i13/
m        restricciones           /m1*m17/
;

parameters
C(i)     coeficientes FO   /
 i1        184
 i2        642
 i3        312
 i4        304
 i5        472
 i6        305
 i7        531
 i8        805
 i9        516
i10        344
i11        740
i12        764
i13        386
/


B(m)     cotas restricciones
/
 m1        2105
 m2        2453
 m3        4916
 m4        2564
 m5        1969
 m6        1060
 m7        3951
 m8        1383
 m9        2783
m10        2667
m11        3791
m12        1039
m13        4756
m14        2782
m15        2725
m16        3235
m17        3436
/

;
table A(m,i)     coeficientes restricciones master
           i1        i2        i3        i4        i5        i6        i7        i8        i9       i10       i11       i12       i13
 m1        28        38        12         0         0         0         0         0         0         0         0         0         0
 m2        18        82        15         0         0         0         0         0         0         0         0         0         0
 m3        -4        -2        -6        61        74         0         0         0         0         0         0         0         0
 m4        -1        -2        -5        30        40         0         0         0         0         0         0         0         0
 m5        -7        -4        -4        50        95         0         0         0         0         0         0         0         0
 m6        -2        -3        -1        92        70         0         0         0         0         0         0         0         0
 m7         0         0         0        -9        -7        88        48        26        21         0         0         0         0
 m8         0         0         0        -8        -9        81        19        95        70         0         0         0         0
 m9         0         0         0        -7        -7        55        26        51        24         0         0         0         0
m10         0         0         0         0         0        -8        -7        -6        -1        24         0         0         0
m11         0         0         0         0         0        -4        -4        -7        -3        32         0         0         0
m12         0         0         0         0         0        -9        -6        -6        -8        70         0         0         0
m13         0         0         0         0         0         0         0         0         0        -3        69        62        99
m14         0         0         0         0         0         0         0         0         0        -8        64        48        26
m15         0         0         0         0         0         0         0         0         0        -5        60        28        16
m16         0         0         0         0         0         0         0         0         0        -6        85        57        99
m17         0         0         0         0         0         0         0         0         0        -3        68        32        91

;